[SVP_VERSION_2]
C:\Users\longryan\Downloads\HDCS_Data\HDCS_Data\SVP\sv213a_b.svp
Section 1998-213 11:46:00 00:00:00 000:00:00
  0.500000 1474.500000
  0.600000 1474.500000
  3.100000 1474.300000
  4.200000 1474.300000
  5.200000 1471.500000
  6.300000 1464.300000
  6.700000 1458.900000
  7.200000 1457.400000
  8.400000 1451.500000
  9.700000 1446.200000
  10.900000 1443.800000
  11.900000 1441.800000
  13.300000 1439.200000
  14.700000 1438.200000
  16.200000 1437.500000
  17.500000 1436.800000
  18.900000 1435.100000
  19.900000 1434.900000
  21.100000 1435.600000
  22.700000 1435.400000
  24.100000 1435.100000
  25.700000 1434.400000
  27.100000 1434.400000
  28.500000 1434.900000
  29.800000 1434.900000
  31.300000 1434.700000
  32.700000 1434.900000
  34.300000 1434.400000
  35.800000 1434.200000
  37.200000 1434.400000
  38.600000 1434.200000
  40.000000 1434.400000
  41.400000 1433.700000
  42.900000 1434.200000
  44.400000 1434.400000
  45.900000 1434.400000
  46.900000 1434.400000
  48.400000 1434.200000
  49.800000 1434.400000
  51.300000 1434.400000
  52.700000 1434.400000
  54.000000 1434.200000
  55.400000 1434.400000
  56.700000 1434.200000
  58.100000 1434.400000
  59.500000 1434.200000
Section 1998-213 12:00:00 00:00:00 000:00:00
  0.800000 1473.000000
  1.000000 1473.000000
  2.600000 1472.800000
  4.100000 1468.300000
  5.000000 1459.600000
  5.800000 1455.700000
  6.500000 1451.000000
  7.200000 1449.100000
  7.900000 1446.900000
  8.700000 1446.400000
  9.500000 1445.700000
  10.200000 1445.700000
  11.200000 1444.500000
  12.000000 1443.800000
  12.900000 1443.000000
  13.600000 1442.300000
  14.300000 1441.600000
  14.700000 1441.300000
  15.300000 1440.400000
  16.000000 1439.900000
  17.100000 1439.200000
  18.000000 1438.700000
  19.900000 1438.000000
  21.000000 1438.000000
  22.200000 1437.800000
  23.500000 1437.300000
  24.700000 1437.000000
  25.900000 1436.600000
  27.000000 1436.100000
  28.300000 1435.600000
  29.600000 1435.400000
  30.800000 1435.400000
  32.100000 1434.900000
  34.000000 1434.400000
  35.200000 1434.400000
  36.500000 1434.400000
  37.800000 1434.200000
  39.100000 1434.400000
  40.200000 1434.200000
  41.600000 1434.400000
  43.700000 1434.400000
  44.800000 1434.400000
  46.100000 1434.200000
  47.600000 1434.200000
  49.100000 1434.400000
  50.400000 1434.400000
  51.600000 1434.400000
  52.800000 1434.400000
  54.100000 1434.200000
  55.600000 1434.200000
  56.900000 1434.400000
  58.100000 1434.400000
  59.500000 1434.200000
  60.600000 1434.200000
  61.900000 1434.700000
